%YAML:1.0
###########################################################

## Camera parameters

use_camera: true
Camera.num: 2
Camera.noise: 1

cam0:
  name: "Left"
  camera_model: "perspective"
  color_order: "Gray"
  fps: 30
  resolution: [ 640, 480 ]
  intrinsics: [ 248.2174368637043, 247.46930714897982, 331.9906712191207, 214.22805349093596 ]
  distortion_coeffs: [ -0.013106149187301104, 0.0037689972765994613, 0.0010466730401444027,
                       0.00015933461242252943 ]
  Tbc:
    [ -0.0157665644226, 0.999498687309, 0.0274552274468, 0.00830241176277,
      0.999850561338, 0.0159549337291, -0.00665545497441, -0.0565710372539,
      -0.00709016484479, 0.0273461909147, -0.999600878053, -0.0130718501283,
      0.0, 0.0, 0.0, 1.0]
  timeshift_cam_imu: 0.04499289477180747

cam1:
  name: "Right"
  camera_model: "perspective"
  color_order: "Gray"
  fps: 30
  resolution: [ 640, 480 ]
  intrinsics: [ 247.51860690180467, 247.17949155422633, 336.3210641751465, 221.2194450375208 ]
  distortion_coeffs: [ -0.007085631809838966, -0.0015869522720706735, 0.0012314316059929586,
                       -1.3615991945691911e-05 ]
  Tbc:
    [ 0.0112834198975, 0.999911125046, 0.00710115794937, 0.00871565870545,
      0.999887225392, -0.0112121951279, -0.00999115498446, 0.0578492954901,
      -0.00991064745246, 0.00721309151601, -0.999924872367, -0.0133141409256,
      0.0, 0.0, 0.0, 1.0]
  T_cn_cnm1:
    [0.9996301709409454, 0.026959879336274244, 0.0035617763471373493, -0.11441449313335213,
     -0.02702682477022221, 0.9994282176566893, 0.02031719701165286, 0.0008714405476465853,
     -0.0030119906064257655, -0.02040594662700425, 0.99978723999401, 0.0008979841515250607,
     0.0, 0.0, 0.0, 1.0]
  timeshift_cam_imu: 0.0448421379289

###########################################################
## Imu parameters

use_imu: true
Imu.fps: 1000
# noise
Imu.gyro_noise: 6.977777777777779e-04         # [ rad / s / sqrt(Hz) ]   ( gyro "white noise" )
Imu.gyro_bias_noise: 9.194029493452511e-06     # [ rad / s^2 / sqrt(Hz) ] ( gyro bias diffusion )
Imu.acc_noise: 0.01            # [ m / s^2 / sqrt(Hz) ]   ( accel "white noise" )
Imu.acc_bias_noise: 0.00021081851067789197  # [ m / s^3 / sqrt(Hz) ].  ( accel bias diffusion )

Pose.rotation_noise: 1.0e-01
Pose.position_noise: 1.0e-02

###########################################################
## ORB Parameters

Feature.max_num_keypoints: 800
Feature.scale_factor: 1.28
Feature.num_levels: 6
Feature.ini_fast_threshold: 13
Feature.min_fast_threshold: 13

